action_type,creature_id,samples,multiplier,q10,q50,q90
MELEE_ATTACK,1,3,1.117861103,0.561763533,0.671550256,0.808734366
MELEE_ATTACK,2,12,1.027523653,0.490918480,0.786087944,0.981051383
MELEE_ATTACK,3,11,0.851911714,0.247887324,0.452380952,0.523899371
MELEE_ATTACK,4,25,1.075529455,0.568380421,0.980963303,1.000094117
MELEE_ATTACK,5,2,1.171401295,0.700957306,0.870803694,1.081804936
MELEE_ATTACK,8,20,0.988917405,0.661745980,0.810467861,1.057539522
MELEE_ATTACK,10,13,1.116437888,0.557761460,0.990631164,1.290716042
MELEE_ATTACK,11,6,1.017699175,0.499327906,0.576859460,0.756244904
MELEE_ATTACK,14,10,1.172124151,0.848252464,1.105992945,1.509755217
MELEE_ATTACK,16,1,1.153996653,0.472727273,0.472727273,0.472727273
MELEE_ATTACK,17,36,0.956886832,0.521215738,0.841207210,1.114191330
MELEE_ATTACK,18,13,1.688751295,0.795414659,2.832386680,3.507582910
MELEE_ATTACK,20,14,0.930393930,0.425955315,0.641735896,1.280724164
MELEE_ATTACK,21,39,0.808453895,0.285520318,0.658356164,1.260546635
MELEE_ATTACK,23,1,1.170616603,0.638297872,0.638297872,0.638297872
MELEE_ATTACK,24,1,1.186175469,0.842253521,0.842253521,0.842253521
MELEE_ATTACK,27,14,1.077889582,0.771126199,0.917402739,1.195682204
MELEE_ATTACK,28,103,0.969659571,0.493827160,0.929350403,1.457330470
MELEE_ATTACK,29,4,1.156680375,0.832540157,0.936179194,0.959575627
MELEE_ATTACK,30,10,1.242417888,1.115677724,1.317148070,2.609697783
MELEE_ATTACK,31,289,2.000607297,0.882531432,2.071846282,3.683965918
MELEE_ATTACK,33,28,1.340668970,0.617299348,1.445410042,3.771955939
MELEE_ATTACK,34,15,0.877015756,0.370221127,0.573110368,1.110838116
MELEE_ATTACK,36,34,0.893935451,0.300516204,0.749328056,1.367271115
MELEE_ATTACK,37,5,0.986273289,0.378704911,0.440199336,0.450884529
MELEE_ATTACK,38,12,1.418133326,1.047139721,1.856115918,2.288790793
MELEE_ATTACK,40,90,1.234915976,0.699526711,1.241284825,2.035393190
MELEE_ATTACK,41,108,1.744403670,0.763273765,1.867618818,3.681459600
MELEE_ATTACK,42,12,0.906991872,0.306377280,0.563596968,1.454170924
MELEE_ATTACK,43,119,4.233123595,2.021380619,5.227216393,9.827714559
MELEE_ATTACK,44,44,1.163061754,0.654440430,1.143769392,1.661919076
MELEE_ATTACK,45,5,1.186114874,0.618979915,1.107380282,1.138389726
MELEE_ATTACK,46,1,1.182714861,0.792129630,0.792129630,0.792129630
MELEE_ATTACK,47,5,1.188997866,0.847271596,1.120903955,1.200687205
MELEE_ATTACK,49,15,1.078672866,0.829499047,0.928888889,2.094588235
MELEE_ATTACK,51,1,1.179711235,0.750939850,0.750939850,0.750939850
MELEE_ATTACK,53,420,1.546142897,0.953119837,1.564503549,3.023954721
MELEE_ATTACK,55,3,1.152280545,0.787205021,0.847327824,1.151530311
MELEE_ATTACK,56,2,1.307008883,2.759661179,2.905504113,3.059054574
MELEE_ATTACK,68,406,0.948227025,0.580367889,0.937035569,1.421424016
MELEE_ATTACK,69,5,1.154855243,0.919213458,0.968948683,1.037356259
MELEE_ATTACK,70,61,1.884647359,1.004709576,2.181325845,4.330350062
MELEE_ATTACK,71,62,1.310667034,0.710093461,1.346094794,1.742924689
MELEE_ATTACK,72,2,1.212502441,0.923238508,1.272525231,1.753956805
MELEE_ATTACK,73,44,1.799132285,1.400567799,2.157332675,4.164304261
MELEE_ATTACK,74,1,1.162346462,0.550000000,0.550000000,0.550000000
MELEE_ATTACK,75,18,1.168774859,0.885693772,1.128075621,1.432155572
MELEE_ATTACK,76,2,1.171524629,0.800953038,0.871812760,0.948941388
MELEE_ATTACK,77,2,1.137358646,0.527563964,0.629548703,0.751248372
MELEE_ATTACK,80,5,1.234724407,0.570323886,1.353671204,2.090967964
MELEE_ATTACK,81,1,1.193335889,0.955722640,0.955722640,0.955722640
MELEE_ATTACK,83,2,1.151302770,0.564433531,0.719850995,0.918062847
MELEE_ATTACK,89,5,1.246323621,1.181390128,1.418460205,2.765368115
MELEE_ATTACK,90,32,1.084023924,0.395902959,1.013790009,1.675431543
MELEE_ATTACK,91,31,1.042327609,0.603085554,0.948385456,1.118012422
MELEE_ATTACK,92,49,1.381997997,0.875953372,1.460688759,2.885196022
MELEE_ATTACK,93,10,1.309514625,1.185636557,1.542277675,2.575985341
MELEE_ATTACK,94,2,1.156765261,0.750154792,0.758324660,0.766583505
MELEE_ATTACK,100,108,1.688913756,0.848711721,1.797416863,3.392381911
MELEE_ATTACK,101,93,1.442872705,0.830088361,1.499427956,2.613550358
MELEE_ATTACK,102,4,1.072160201,0.527908009,0.593795463,0.726165561
MELEE_ATTACK,103,36,1.186275712,0.767866968,1.175101289,2.270099230
MELEE_ATTACK,105,6,1.273261592,1.068490265,1.522984988,1.642195669
MELEE_ATTACK,106,2,1.272416939,1.696608338,2.163124057,2.757917416
MELEE_ATTACK,107,1,1.191912575,0.932067932,0.932067932,0.932067932
MELEE_ATTACK,108,15,0.986827706,0.449014158,0.754716981,0.883006154
MELEE_ATTACK,117,51,1.316115437,0.640909091,1.361702128,2.184187555
MELEE_ATTACK,118,303,1.022562157,0.585778384,1.011449497,2.282058955
MELEE_ATTACK,119,30,1.664664628,1.153739362,2.062948676,3.560520524
MELEE_ATTACK,120,6,1.274442754,0.668782577,1.529116692,2.217470323
MELEE_ATTACK,121,126,1.852803701,1.266705375,1.983317000,3.942091135
MELEE_ATTACK,123,10,1.059744301,0.611194144,0.817400281,1.017466083
MELEE_ATTACK,124,2,1.215764545,1.276925343,1.310695411,1.345358575
MELEE_ATTACK,125,6,1.166160106,0.807877879,1.040729750,2.003919422
MELEE_ATTACK,126,4,1.093816709,0.462584942,0.669493095,0.866343386
MELEE_ATTACK,131,17,1.629021280,1.572196472,2.318840580,3.502723710
MELEE_ATTACK,132,15,1.139417524,0.593085735,1.055555556,1.220652251
MELEE_ATTACK,133,68,0.918844644,0.585576571,0.848077559,1.251142513
MELEE_ATTACK,145,21,1.074508929,0.507692308,0.962131837,1.304347826
MELEE_ATTACK,146,17,1.183637567,0.438450268,1.157116195,1.258806406
MELEE_ATTACK,147,169,1.699159451,0.807141706,1.769399249,3.838649727
MELEE_ATTACK,148,161,1.876133111,1.376811594,1.981868132,4.131344846
MELEE_ATTACK,149,53,1.440136824,1.174686392,1.539544513,3.258217643
MELEE_ATTACK,150,19,1.219419757,0.813061941,1.232998885,4.484815639
MELEE_ATTACK,153,25,1.095181063,0.389544319,1.013461538,1.389929455
MELEE_ATTACK,154,11,1.088153230,0.496153846,0.901704545,1.050694444
MELEE_ATTACK,155,15,1.152940877,0.867546347,1.085019213,1.727057216
MELEE_ATTACK,156,26,1.083696628,0.579181720,0.997706278,1.483815122
MELEE_ATTACK,157,1,1.172921574,0.665217391,0.665217391,0.665217391
MELEE_ATTACK,158,12,1.094155460,0.776721786,0.929473500,1.410190731
MELEE_ATTACK,159,1,1.188868404,0.883333333,0.883333333,0.883333333
MELEE_ATTACK,160,42,1.172078863,0.983672039,1.155962596,2.941879703
MELEE_ATTACK,161,3,1.177321288,0.679152102,0.999156118,1.009449351
MELEE_ATTACK,162,218,1.277300440,0.934692317,1.283984928,2.464227902
MELEE_ATTACK,163,172,1.688530475,0.943249548,1.755807448,4.410453747
MELEE_ATTACK,164,2,1.275270459,1.735013732,2.217087628,2.833105849
MELEE_ATTACK,165,13,1.199773472,0.718036676,1.189258312,2.236580132
MELEE_ATTACK,166,3,1.344455382,2.690973345,2.764568765,4.946058997
MELEE_ATTACK,167,88,2.570106497,1.248413603,3.051967854,5.072510560
MELEE_ATTACK,168,50,1.197620223,0.989201730,1.194024043,2.356399463
MELEE_ATTACK,169,85,1.272805112,0.661315837,1.288888889,2.577777778
MELEE_ATTACK,172,9,1.097569897,0.707021532,0.889166667,1.437600764
MELEE_ATTACK,198,10,1.085534762,0.559023299,0.878542386,1.119455028
MELEE_ATTACK,199,27,1.025657532,0.604745846,0.909325787,1.144085848
MELEE_ATTACK,200,47,0.551347073,0.213447189,0.395072218,0.700086582
MELEE_ATTACK,201,258,1.414154488,0.395666477,1.431656795,2.822492907
MELEE_ATTACK,202,27,0.943367474,0.392777545,0.786127946,1.094890188
MELEE_ATTACK,203,40,0.921248712,0.601958438,0.804957996,1.287777510
MELEE_ATTACK,204,5,1.171958839,0.432511386,1.042857143,1.741606814
MELEE_ATTACK,205,3,1.133720876,0.668868823,0.748144483,0.953307608
MELEE_ATTACK,207,6,1.113699172,0.710748228,0.852537335,1.114498597
MELEE_ATTACK,208,4,1.155944874,0.457938866,0.932613123,0.966479584
MELEE_ATTACK,209,30,0.855449424,0.447971166,0.680144309,1.668591641
MELEE_ATTACK,210,27,0.849840509,0.435432912,0.655483871,1.219864428
MELEE_ATTACK,211,8,1.525321873,2.084343285,2.740341164,20.000000000
MELEE_ATTACK,212,7,1.297933612,1.009396521,1.598575499,18.327552596
MELEE_ATTACK,213,9,1.242435944,1.128740385,1.325786164,1.505261606
MELEE_ATTACK,214,7,1.304455960,0.881403007,1.629783550,2.082804974
MELEE_ATTACK,217,9,1.059743140,0.583180186,0.794152047,1.413171102
MELEE_ATTACK,234,56,1.297740190,0.792521921,1.331909519,1.989267606
MELEE_ATTACK,235,216,0.997883154,0.600947940,0.980483705,1.287658116
MELEE_ATTACK,237,15,1.349180565,1.140293776,1.565733537,3.040271923
MELEE_ATTACK,238,56,1.577928578,0.803673172,1.736583184,3.763271131
MELEE_ATTACK,239,33,1.435154167,1.101184747,1.594202899,2.867087727
MELEE_ATTACK,249,52,1.109600345,0.854719096,1.074384640,2.101737315
MELEE_ATTACK,253,1,1.163324571,0.559801489,0.559801489,0.559801489
MELEE_ATTACK,254,1,1.226298447,1.693693694,1.693693694,1.693693694
MELEE_ATTACK,255,266,1.364197356,0.812420823,1.376842277,2.998985204
MELEE_ATTACK,256,17,0.972692552,0.614498834,0.754827586,1.032595895
MELEE_ATTACK,257,1,1.227494877,1.728735632,1.728735632,1.728735632
MELEE_ATTACK,258,51,1.090815947,0.821791320,1.048484848,1.614035088
MELEE_ATTACK,259,8,1.079514758,0.560733408,0.817220844,0.999977357
MELEE_ATTACK,260,47,1.361971087,0.635832919,1.433982684,2.597557241
MELEE_ATTACK,261,5,1.429131045,1.376541433,2.812051650,2.929088246
MELEE_ATTACK,268,3,1.162442243,0.788516171,0.906328530,0.935444056
MELEE_ATTACK,269,15,1.161731036,0.755454699,1.104419476,1.325278515
MELEE_ATTACK,270,76,1.419908293,0.664871936,1.482037719,3.288065743
MELEE_ATTACK,272,17,0.969829314,0.393308985,0.750000000,0.967945093
MELEE_ATTACK,273,14,0.946444845,0.353673885,0.668954892,1.086013378
MELEE_ATTACK,280,2,1.140282281,0.558024122,0.647580402,0.751509408
MELEE_ATTACK,281,3,1.145294155,0.496715657,0.808727822,1.360362122
MELEE_ATTACK,282,1,1.198120353,1.039500000,1.039500000,1.039500000
MELEE_ATTACK,285,5,1.168764950,0.782902358,1.028724115,1.202501735
MELEE_ATTACK,287,20,0.912642241,0.355174043,0.690266646,1.132577338
MELEE_ATTACK,288,2,1.127537481,0.392894070,0.572266633,0.833530266
MELEE_ATTACK,289,16,1.402172541,0.877228962,1.691698546,2.689648098
MELEE_ATTACK,290,19,1.044415625,0.752221395,0.897143478,1.186062386
MELEE_ATTACK,291,11,1.145413329,0.755439466,1.041912633,1.328211694
MELEE_ATTACK,292,13,1.111877776,0.506905228,0.980392157,2.002749615
MELEE_ATTACK,293,8,1.034178397,0.611975097,0.703272291,1.215537804
MELEE_ATTACK,300,420,0.944400695,0.581042916,0.933444069,1.357602146
MELEE_ATTACK,301,91,2.178604357,1.554543018,2.480691057,4.634146341
MELEE_ATTACK,309,9,1.432152749,0.797798554,2.095723591,2.977279733
MELEE_ATTACK,310,1,1.175329611,0.694493783,0.694493783,0.694493783
MELEE_ATTACK,311,63,1.307450572,0.865649098,1.341176471,2.515056378
MELEE_ATTACK,314,6,1.371197069,1.146314930,2.099674553,3.619957194
MELEE_ATTACK,315,135,1.434055467,1.002438824,1.471208924,2.988424823
MELEE_ATTACK,316,82,0.508560938,0.287630204,0.411927461,1.870062997
MELEE_ATTACK,317,60,1.445099182,1.154521668,1.534624494,2.861419639
MELEE_ATTACK,318,117,1.733107911,1.163533994,1.843760344,3.485010926
MELEE_ATTACK,320,139,2.217499355,1.419706306,2.420411985,5.162739326
MELEE_ATTACK,323,3,1.172221124,0.547942994,0.966447368,1.019734177
MELEE_ATTACK,324,7,1.114010203,0.410015415,0.886666667,1.024548250
MELEE_ATTACK,325,7,1.153510312,0.687886610,1.014209968,1.247358131
MELEE_ATTACK,330,34,2.215480015,1.512107776,3.167331206,5.316883974
MELEE_ATTACK,332,73,1.577353755,1.198019531,1.697478992,2.426053578
MELEE_ATTACK,333,72,1.877138473,1.434349522,2.122292398,3.772452934
MELEE_ATTACK,335,177,3.005718184,1.526486907,3.332231405,5.809133580
MELEE_ATTACK,336,8,1.273649713,0.926215748,1.457855227,2.170847520
MELEE_ATTACK,337,44,1.587791109,1.136482720,1.798785303,3.222436922
MELEE_ATTACK,340,2,1.073029554,0.245309796,0.331807414,0.448804581
MELEE_ATTACK,352,11,0.980023586,0.578064516,0.671379310,0.958510638
MELEE_ATTACK,353,23,1.004933704,0.526303912,0.857142857,1.339657599
MELEE_ATTACK,355,47,0.898751256,0.496812198,0.792857143,1.251653858
MELEE_ATTACK,356,43,0.918773253,0.268198948,0.809375000,1.228333851
MELEE_ATTACK,357,17,0.874043323,0.440002548,0.598090278,0.884387703
MELEE_ATTACK,358,20,1.023721120,0.578210943,0.868518519,1.378346280
MELEE_ATTACK,359,20,1.069580466,0.746341960,0.948074973,1.957435222
MELEE_ATTACK,360,26,1.095621007,0.715166647,1.017211362,1.799167617
MELEE_ATTACK,361,3,1.184968054,1.042493280,1.050000000,1.274601274
MELEE_ATTACK,362,13,0.964006952,0.475733390,0.682454800,1.292134451
MELEE_ATTACK,363,29,0.815046002,0.292035012,0.621818182,0.863934956
MELEE_ATTACK,364,22,0.848036026,0.246499243,0.615416167,1.352573279
MELEE_ATTACK,370,17,1.058536456,0.610429645,0.907381723,1.043146602
MELEE_ATTACK,371,17,0.899748647,0.146604938,0.637037037,0.907338729
MELEE_ATTACK,378,7,1.337621708,1.114388670,1.795509796,2.898118453
MELEE_ATTACK,386,3,1.302643942,2.062830137,2.169879394,3.497497026
MELEE_ATTACK,388,12,1.103774610,0.702298517,0.951423761,2.817015106
MELEE_ATTACK,389,10,1.310589418,0.918876826,1.546078296,2.561308661
MELEE_ATTACK,390,14,1.076013378,0.514901440,0.913529481,1.764285714
MELEE_ATTACK,391,20,0.978810903,0.514768008,0.793986930,1.544549069
MELEE_ATTACK,392,43,1.055202413,0.504249948,0.991387560,2.026197095
MELEE_ATTACK,393,62,0.935757902,0.489623231,0.862072734,1.909759831
MELEE_ATTACK,397,1,1.167413670,0.602608696,0.602608696,0.602608696
MELEE_ATTACK,399,34,1.702341795,0.631173621,2.084327172,2.538051032
MELEE_ATTACK,401,6,1.102402931,0.348433997,0.815694270,1.648863245
MELEE_ATTACK,402,5,1.167044872,0.888444012,1.021176471,1.940747390
MELEE_ATTACK,403,13,1.029636666,0.515655652,0.806647188,2.188327298
MELEE_ATTACK,404,16,1.013195738,0.619216094,0.814384956,1.557451757
MELEE_ATTACK,405,8,1.131014040,0.562115816,0.962005106,3.477898589
MELEE_ATTACK,406,17,1.234222693,0.669892598,1.267458828,2.105873220
MELEE_ATTACK,413,20,0.975513472,0.494755480,0.788646354,1.118490522
MELEE_ATTACK,414,34,0.912200771,0.413660029,0.773790669,1.163494161
MELEE_ATTACK,415,3,1.154311213,0.584754905,0.858843537,0.895627897
MELEE_ATTACK,416,4,1.122081414,0.538263664,0.780234221,1.361382104
MELEE_ATTACK,417,62,0.872133346,0.504514845,0.785413904,1.250649276
MELEE_ATTACK,418,62,1.125623816,0.323353906,1.100662704,2.636840178
MELEE_ATTACK,419,24,1.055963817,0.595345276,0.944864862,1.439733857
MELEE_ATTACK,420,23,0.990825201,0.408832100,0.834782609,1.102632037
MELEE_ATTACK,421,8,1.100876584,0.536242957,0.875234867,1.177700799
MELEE_ATTACK,422,16,0.901726686,0.365402645,0.626524807,0.864098760
MELEE_ATTACK,423,64,0.774884403,0.490411301,0.674727453,1.102175685
MELEE_ATTACK,424,57,0.791743638,0.414985990,0.682926829,1.140507259
MELEE_ATTACK,433,52,1.564445577,0.712201061,1.728764865,2.264814905
MELEE_ATTACK,434,34,1.045426347,0.603353011,0.960841588,1.696564549
MELEE_ATTACK,435,10,1.206132055,0.656140012,1.205080593,2.786005125
MELEE_ATTACK,436,54,1.597393411,0.050000000,1.772283681,4.269431524
MELEE_ATTACK,440,55,0.800689265,0.336363636,0.689752066,1.162180452
MELEE_ATTACK,441,69,0.983442713,0.505859383,0.926829268,1.437058037
MELEE_ATTACK,442,41,0.902451164,0.235119048,0.783216783,1.545405931
MELEE_ATTACK,443,32,0.934920556,0.550946303,0.797110902,1.531036368
MELEE_ATTACK,444,24,1.118879180,0.455607732,1.050628030,1.648520635
MELEE_ATTACK,445,30,0.973559935,0.407072336,0.843752344,1.307930003
MELEE_ATTACK,446,22,0.881238468,0.306184174,0.662233131,1.097124892
MELEE_ATTACK,447,9,1.001603823,0.333933958,0.662131519,1.583821398
MELEE_ATTACK,448,15,0.984388978,0.227523567,0.750372208,1.642651201
MELEE_ATTACK,449,21,1.117633094,0.246428571,1.038961039,2.122448980
MELEE_ATTACK,493,43,0.885889206,0.436519204,0.767288267,1.621050349
MELEE_ATTACK,494,18,0.948026354,0.247619048,0.725130464,1.041364565
MELEE_ATTACK,495,77,0.913963203,0.279846859,0.850334132,1.332421276
MELEE_ATTACK,496,49,0.839507905,0.382066452,0.723960396,1.167561948
MELEE_ATTACK,512,204,1.222208557,0.746610646,1.223743854,2.484163774
MELEE_ATTACK,513,150,1.368335653,0.635628402,1.391469729,2.811278413
MELEE_ATTACK,514,180,1.203766364,0.695404339,1.203445485,2.212208738
MELEE_ATTACK,515,168,1.168281394,0.513944596,1.163794806,1.974470249
MELEE_ATTACK,520,6,1.154516617,0.874256827,0.996445009,1.063079224
MELEE_ATTACK,521,2,1.092142706,0.397242824,0.402931155,0.408700940
MELEE_ATTACK,522,6,1.070543030,0.376793489,0.718351624,1.246422567
MELEE_ATTACK,534,65,2.723469965,1.649209505,3.498675146,6.530718770
MELEE_ATTACK,535,143,1.557862953,0.995771236,1.614529683,3.015870180
MELEE_ATTACK,536,223,1.983361069,1.232660738,2.073755818,4.136936094
MELEE_ATTACK,537,21,1.471577757,1.354166667,1.777777778,3.860000000
MELEE_ATTACK,538,175,1.937481458,1.333488879,2.045223577,4.045076092
MELEE_ATTACK,544,83,1.297842270,0.961538462,1.320825516,2.633619222
MELEE_ATTACK,545,8,1.276390346,1.232152689,1.468864308,1.911317731
MELEE_ATTACK,546,6,1.207073767,0.982305949,1.208460258,1.634594607
MELEE_ATTACK,567,38,0.948666444,0.331825742,0.835851176,1.430668274
MELEE_ATTACK,568,29,1.006704817,0.517356035,0.888461538,1.495861653
MELEE_ATTACK,571,21,1.075083202,0.206355140,0.963136033,1.502657138
MELEE_ATTACK,572,29,0.667471598,0.092632292,0.443697479,0.974194266
MELEE_ATTACK,578,2,1.296760682,2.664478964,2.664500084,2.664521205
MELEE_ATTACK,579,16,1.246536150,0.541454865,1.298242046,2.523490821
MELEE_ATTACK,580,7,1.207200239,0.813898907,1.208750463,2.779733740
MELEE_ATTACK,581,3,1.253231370,1.431202276,1.613162119,1.652868146
MELEE_ATTACK,587,6,1.091028418,0.735939425,0.779845901,1.541588906
MELEE_ATTACK,588,247,1.264379988,0.627296105,1.269172932,2.394847476
MELEE_ATTACK,589,49,1.346874622,0.867805064,1.408685612,3.390991414
MELEE_ATTACK,590,80,1.289794770,0.838695997,1.311458957,2.463822014
MELEE_ATTACK,599,3,1.155530431,0.863574786,0.865822785,0.923988432
MELEE_ATTACK,600,6,1.022370953,0.528161038,0.588422627,0.893763177
MELEE_ATTACK,601,18,1.090213317,0.737228187,0.973961407,1.141000091
MELEE_ATTACK,604,2,1.172580316,0.807585930,0.880493508,0.959983066
MELEE_ATTACK,606,2,1.146158866,0.629691747,0.685252399,0.745715428
MELEE_ATTACK,609,2,1.131575732,0.541362917,0.595219896,0.654434786
MELEE_ATTACK,611,3,1.180907396,0.824610053,1.022727273,2.633273982
MELEE_ATTACK,612,94,1.691723825,0.730374151,1.817824085,3.981679534
MELEE_ATTACK,624,15,1.187571112,1.082880021,1.162590580,1.532416130
MELEE_ATTACK,626,16,1.027306702,0.593050785,0.840127051,0.974356815
MELEE_ATTACK,627,4,1.129556344,0.743781529,0.811944187,0.904387707
MELEE_ATTACK,628,2,1.232743072,1.248770812,1.526707500,1.866504061
MELEE_ATTACK,630,2,1.235256065,1.555948689,1.561293349,1.566656369
MELEE_ATTACK,631,8,1.192904986,0.773439902,1.159204023,1.351935250
MELEE_ATTACK,635,135,0.624717043,0.344321419,0.566666667,0.944446769
MELEE_ATTACK,636,84,0.684289111,0.345683286,0.597841625,0.939268423
MELEE_ATTACK,637,7,1.004660333,0.497221239,0.595238095,0.708303868
MELEE_ATTACK,638,27,0.819573996,0.517498516,0.615384615,1.026955730
MELEE_ATTACK,639,99,0.684825217,0.316067735,0.610775862,0.966959822
MELEE_ATTACK,640,130,0.705882124,0.494686951,0.649993165,1.122072072
MELEE_ATTACK,641,121,0.636581090,0.269360269,0.572727273,0.896847260
MELEE_ATTACK,644,46,1.050185104,0.623354505,0.988645212,1.481138625
MELEE_ATTACK,645,24,1.049610000,0.161508321,0.934467905,2.038908410
MELEE_ATTACK,646,2,1.296350442,1.507011333,2.655242456,4.678340730
MELEE_ATTACK,647,6,1.298635810,1.010853445,1.658941776,2.081519648
MELEE_ATTACK,649,111,1.724504854,1.264279625,1.839106145,2.978947368
MELEE_ATTACK,650,105,1.742385175,1.158141013,1.868686869,3.744666335
MELEE_ATTACK,651,117,1.250826282,0.696406686,1.258536585,2.322635135
MELEE_ATTACK,652,32,1.144628845,0.611838737,1.107490380,1.622390479
MELEE_ATTACK,660,3,1.168919733,0.785239668,0.945774648,0.996257212
MELEE_ATTACK,661,10,1.455084083,1.684410326,2.115903138,2.466537071
MELEE_ATTACK,662,27,0.953590541,0.515378392,0.801016949,1.196863089
MELEE_ATTACK,672,16,1.244055833,0.902266522,1.292437074,2.220783848
MELEE_ATTACK,677,16,1.161310213,0.742243845,1.107014342,1.383625477
MELEE_ATTACK,678,8,1.116428704,0.808384996,0.919280122,1.359194374
MELEE_ATTACK,679,12,1.093285963,0.746203402,0.927505129,1.176405514
MELEE_ATTACK,690,17,1.271151523,0.782288945,1.351452991,1.779724405
MELEE_ATTACK,691,2,1.246376676,1.648913160,1.723058453,1.800537774
MELEE_ATTACK,703,3,1.140463533,0.689027311,0.782941176,1.146541746
MELEE_ATTACK,704,8,1.046927015,0.602335902,0.734085783,1.074338234
MELEE_ATTACK,717,20,0.993095607,0.694343837,0.817330825,0.967739779
MELEE_ATTACK,721,40,0.900509723,0.315985052,0.777929942,1.314381838
MELEE_ATTACK,722,9,1.091231662,0.631646789,0.872727273,1.125065789
MELEE_ATTACK,723,23,1.043173280,0.500748297,0.919127517,1.199696777
MELEE_ATTACK,724,25,1.000261952,0.668526989,0.860869565,1.217331462
MELEE_ATTACK,725,2,1.167500605,0.827866527,0.839432581,0.851160224
MELEE_ATTACK,727,13,1.141501902,0.882081862,1.048064516,1.846366245
MELEE_ATTACK,728,3,1.130812362,0.664679807,0.733554817,1.383191483
MELEE_ATTACK,729,3,1.138511830,0.656436258,0.772727273,0.880721021
MELEE_ATTACK,730,3,1.155527740,0.763779700,0.865807327,1.049165550
MELEE_ATTACK,731,14,1.059464184,0.641216256,0.879781656,1.029007667
MELEE_ATTACK,745,75,1.432144313,1.162342561,1.499089146,2.876582661
MELEE_ATTACK,747,28,1.383067139,1.184649821,1.524653425,3.386908026
MELEE_ATTACK,750,5,1.172220426,0.795869917,1.044021515,1.389025151
MELEE_ATTACK,751,7,1.203149725,0.597115614,1.193181818,1.982138784
MELEE_ATTACK,752,19,1.044172769,0.389285714,0.896715328,1.089536361
MELEE_ATTACK,753,11,0.864470774,0.422478652,0.471428571,0.634451827
MELEE_ATTACK,754,3,1.198201519,0.962011305,1.143318809,1.297693138
MELEE_ATTACK,755,4,1.118328196,0.494457871,0.764705882,1.040522238
MELEE_ATTACK,770,87,1.021591112,0.639518442,0.983229217,1.469076186
MELEE_ATTACK,771,10,1.094932919,0.753603297,0.901558789,1.377886723
MELEE_ATTACK,790,13,0.884681766,0.353020032,0.548790796,0.978978265
MELEE_ATTACK,791,2,1.137542291,0.613232412,0.630667763,0.648598834
MELEE_ATTACK,792,10,1.084059807,0.554939962,0.874966129,2.650310112
MELEE_ATTACK,793,10,1.019792399,0.697644629,0.728394780,1.207350628
MELEE_ATTACK,796,1,1.195912154,1.000000000,1.000000000,1.000000000
MELEE_ATTACK,817,9,1.051052012,0.435019297,0.773356401,1.157477293
MELEE_ATTACK,847,106,1.717883844,1.364597144,1.836280379,2.472168505
MELEE_ATTACK,848,183,1.801668020,1.234602600,1.882352941,2.357956051
MELEE_ATTACK,849,91,1.822212401,0.840000000,1.995000000,5.418275862
MELEE_ATTACK,850,52,0.985188504,0.191348667,0.911272400,2.120211641
MELEE_ATTACK,851,89,1.168423871,0.441879542,1.160000000,2.283398558
MELEE_ATTACK,852,3,1.154595256,0.685346615,0.860465116,1.277571220
MELEE_ATTACK,855,143,1.645669820,1.236978847,1.718660287,3.269937170
MELEE_ATTACK,856,3,1.188912679,0.955657076,1.077096774,1.233163628
MELEE_ATTACK,859,92,1.270340535,1.015097971,1.284623283,2.482273929
MELEE_ATTACK,860,8,1.208673564,1.145079379,1.213726887,1.790474367
MELEE_ATTACK,861,63,1.372565969,1.100346530,1.429864253,2.310296021
MELEE_ATTACK,895,2,1.052588671,0.198698217,0.268536406,0.362921229
MELEE_ATTACK,896,3,1.164163229,0.757095306,0.916666667,1.950905070
MELEE_ATTACK,897,14,1.063511207,0.708190235,0.887965534,1.990090706
MELEE_ATTACK,917,12,1.098799318,0.870815360,0.940030498,1.107684069
MELEE_ATTACK,918,19,1.140752478,0.875273135,1.075263158,1.904815752
MELEE_ATTACK,920,16,1.424156783,1.261856752,1.751962281,3.499304721
MELEE_ATTACK,922,2,1.324520201,2.650703184,3.363581968,4.268182016
MELEE_ATTACK,925,2,1.160023168,0.769791650,0.782151452,0.794709704
MELEE_ATTACK,926,6,1.111514052,0.268640500,0.845312591,1.106262490
MELEE_ATTACK,927,6,1.155632788,0.996918144,1.000626257,1.005071200
MELEE_ATTACK,928,21,1.180207442,0.740740741,1.155555556,1.651248164
MELEE_ATTACK,930,47,0.902600406,0.545681074,0.797702128,1.502591747
MELEE_ATTACK,932,18,1.465996137,0.762688808,1.820018051,4.007944457
MELEE_ATTACK,933,3,1.154130369,0.823861983,0.857812500,0.983261176
MELEE_ATTACK,936,4,1.157978314,0.577612629,0.942499957,1.402123187
MELEE_ATTACK,937,4,1.326487431,1.213850367,2.129597940,2.804113214
MELEE_ATTACK,938,7,1.121537695,0.820054624,0.910000000,1.196273093
MELEE_ATTACK,939,5,1.188914875,0.992727973,1.120512821,1.291626529
MELEE_ATTACK,942,6,1.160281369,0.895768320,1.018185487,1.060695435
MELEE_ATTACK,946,5,1.163075865,0.804245127,1.003929564,1.262722026
MELEE_ATTACK,958,53,1.602983058,1.113243990,1.784325565,3.143268399
MELEE_ATTACK,959,40,1.508814287,0.919551297,1.687180549,2.986641077
MELEE_ATTACK,960,17,1.500399229,1.086157872,1.938775510,3.439345758
MELEE_ATTACK,961,2,1.252259705,1.673743119,1.814663196,1.967447978
MELEE_ATTACK,962,26,1.510899896,1.401990610,1.796189650,3.634660272
MELEE_ATTACK,982,7,1.044460102,0.481949601,0.691465863,1.547844671
MELEE_ATTACK,985,13,1.183066500,0.988459574,1.147669173,2.068647781
MELEE_ATTACK,987,3,1.165115643,0.807301188,0.922431866,0.942634673
MELEE_ATTACK,993,3,1.129312669,0.693426724,0.726129217,0.943449415
MELEE_ATTACK,1004,1,1.226803948,1.708415842,1.708415842,1.708415842
MELEE_ATTACK,1011,2,1.191879445,0.863227963,1.053690820,1.286177455
MELEE_ATTACK,1012,1,1.270774759,3.578947368,3.578947368,3.578947368
MELEE_ATTACK,1013,2,1.062361330,0.177633339,0.297270873,0.497485282
MELEE_ATTACK,1015,3,1.090635724,0.547524339,0.555882353,0.685496568
MELEE_ATTACK,1016,1,1.270754981,3.577777778,3.577777778,3.577777778
MELEE_ATTACK,1021,2,1.188449989,0.973132469,1.020816271,1.070836595
MELEE_ATTACK,1036,25,0.961889580,0.364283117,0.802339181,1.002117345
MELEE_ATTACK,1037,13,0.942628267,0.363955174,0.644688645,0.987606923
MELEE_ATTACK,1038,3,1.155943627,0.685503875,0.868199234,1.123064245
MELEE_ATTACK,1040,2,1.178086095,0.901512644,0.927053705,0.953318378
MELEE_ATTACK,1041,3,1.188356877,0.965378057,1.073242392,1.726185504
MELEE_ATTACK,1042,3,1.022380821,0.148690953,0.338689992,0.807126399
MELEE_ATTACK,1043,4,1.143287117,0.704660891,0.872992756,1.072483205
MELEE_ATTACK,1044,7,1.067468404,0.737309367,0.752093023,0.882155035
MELEE_ATTACK,1045,3,1.109759012,0.332051545,0.635123615,0.684136512
MELEE_ATTACK,1046,1,1.123946603,0.271627907,0.271627907,0.271627907
MELEE_ATTACK,1047,11,1.079576365,0.588800000,0.881818182,1.200000000
MELEE_ATTACK,1050,9,1.099555384,0.690507777,0.894360000,1.489018759
MELEE_ATTACK,1053,20,1.053111354,0.585181916,0.919103344,1.786176691
MELEE_ATTACK,1054,1,1.206340241,1.200000000,1.200000000,1.200000000
MELEE_ATTACK,1055,5,1.382839624,1.270213077,2.385185185,2.820057695
MELEE_ATTACK,1056,3,1.307638346,1.940371166,2.234482759,2.256524612
MELEE_ATTACK,1060,17,1.022513927,0.495887335,0.841517857,1.532053753
MELEE_ATTACK,1062,44,0.870743400,0.449706441,0.750730057,0.959319264
MELEE_ATTACK,1064,5,1.194605359,0.749071446,1.147586207,1.367998849
MELEE_ATTACK,1065,3,1.176223187,0.534236500,0.992033543,1.065196887
MELEE_ATTACK,1066,8,1.069125589,0.737388217,0.790023346,0.966068120
MELEE_ATTACK,1067,13,1.076134977,0.216491952,0.902356792,1.000649205
MELEE_ATTACK,1068,25,0.966981149,0.668233614,0.810000000,1.228641048
MELEE_ATTACK,1081,1,1.202801468,1.128205128,1.128205128,1.128205128
MELEE_ATTACK,1082,5,1.257600427,0.196584325,1.483803553,2.630818632
MELEE_ATTACK,1089,1,1.210456535,1.288986355,1.288986355,1.288986355
MELEE_ATTACK,1095,4,1.042767168,0.432396584,0.502577307,0.740154544
MELEE_ATTACK,1114,52,1.110233349,0.576081430,1.075233384,1.936085117
MELEE_ATTACK,1130,1,1.173285498,0.669565217,0.669565217,0.669565217
MELEE_ATTACK,1131,3,1.284623696,0.926819357,1.950086287,2.755433817
MELEE_ATTACK,1132,5,1.018116170,0.413821771,0.516000000,1.127391324
MELEE_ATTACK,1138,8,1.168624256,0.804543203,1.078702110,1.298905060
MELEE_ATTACK,1139,4,1.150400042,0.665390899,0.906091622,1.285294367
MELEE_ATTACK,1140,15,1.205325768,0.731767572,1.203551572,1.841638356
MELEE_ATTACK,1145,13,0.870412489,0.498592953,0.526599327,0.811058105
MELEE_ATTACK,1146,17,0.915486478,0.556345570,0.661538462,0.904753072
MELEE_ATTACK,1154,4,0.825898846,0.105321362,0.124062331,0.589806158
MELEE_ATTACK,1165,2,1.162262734,0.659577948,0.798923155,0.967707017
MELEE_ATTACK,1176,5,1.279821404,0.717737137,1.619607843,2.422346061
MELEE_ATTACK,1177,2,1.189962615,0.829109266,1.035199506,1.292517237
MELEE_ATTACK,1180,1,1.196622325,1.012544803,1.012544803,1.012544803
MELEE_ATTACK,1184,65,0.887701027,0.319086235,0.807692308,1.118293021
MELEE_ATTACK,1187,10,0.988940410,0.508972030,0.664265784,1.065304713
MELEE_ATTACK,1189,6,1.206785709,0.645758558,1.207211070,1.399166037
MELEE_ATTACK,1191,18,0.867555964,0.331425221,0.601298342,1.060297385
MELEE_ATTACK,1192,1,1.258858610,2.936507937,2.936507937,2.936507937
MELEE_ATTACK,1193,15,1.473617956,1.429668014,1.923619271,3.665789320
MELEE_ATTACK,1194,35,1.397203065,0.714636812,1.519306541,3.272612582
MELEE_ATTACK,1221,6,1.038436738,0.292279515,0.629553604,0.998504743
MELEE_ATTACK,1223,5,1.120145000,0.426605686,0.831829368,1.156944302
MELEE_ATTACK,1259,1,1.379282065,20.000000000,20.000000000,20.000000000
MELEE_ATTACK,1282,16,1.202952650,0.730940136,1.198336798,1.644901626
MELEE_ATTACK,1287,1,1.158294667,0.511111111,0.511111111,0.511111111
MELEE_ATTACK,1295,9,1.038258321,0.463284362,0.743432203,1.086234556
MELEE_ATTACK,1296,14,0.999905905,0.412770583,0.764454836,0.987759194
MELEE_ATTACK,1297,2,1.258299286,1.056147063,1.913290938,3.466072426
MELEE_ATTACK,1298,8,1.120161119,0.803192298,0.930081746,1.214961624
MELEE_ATTACK,1300,1,1.205112054,1.174603175,1.174603175,1.174603175
MELEE_ATTACK,1301,3,1.198806922,0.957694504,1.147755102,1.204930430
MELEE_ATTACK,1302,3,1.214993909,1.211598040,1.272056738,1.281884867
MELEE_ATTACK,1303,1,1.188654386,0.880000000,0.880000000,0.880000000
MELEE_ATTACK,1310,5,1.124618118,0.385254178,0.848571429,0.976015837
MELEE_ATTACK,1313,12,1.053989628,0.741254945,0.841246285,0.998330205
MELEE_ATTACK,1314,14,1.137819855,0.843502693,1.046235855,1.184471553
MELEE_ATTACK,1315,1,1.190041450,0.901818182,0.901818182,0.901818182
MELEE_ATTACK,1317,9,1.114177778,0.696686387,0.933253205,1.502271485
MELEE_ATTACK,1318,4,1.192100623,1.066077374,1.121905489,1.853898907
MELEE_ATTACK,1319,7,1.136703410,0.809904774,0.958387670,1.189623426
MELEE_ATTACK,1324,6,0.908579256,0.190918831,0.352878118,0.832646379
MELEE_ATTACK,1325,8,1.117975006,0.444013573,0.923744194,1.319146038
MELEE_ATTACK,1330,6,1.012533333,0.284051375,0.564277778,1.426532025
MELEE_ATTACK,1336,12,1.136244639,0.750321086,1.027900758,1.287704537
MELEE_ATTACK,1340,4,1.148530790,0.771547023,0.897293737,0.931397619
MELEE_ATTACK,1341,35,0.907360887,0.515149841,0.770965251,0.928052814
MELEE_ATTACK,1343,30,0.750331221,0.448926689,0.546636802,0.973297671
MELEE_ATTACK,1344,24,0.783010097,0.508807243,0.546076258,1.324112225
MELEE_ATTACK,1345,8,1.224582813,0.944511566,1.270568108,2.190523835
MELEE_ATTACK,1346,13,1.069725082,0.604320879,0.888775510,1.537456430
MELEE_ATTACK,1348,20,0.980001478,0.539543833,0.795919633,1.132403739
MELEE_ATTACK,1363,17,1.257472292,1.010784915,1.320000000,1.836857286
MELEE_ATTACK,1368,3,1.163541259,0.673391419,0.912918660,1.493889535
MELEE_ATTACK,1381,3,1.181982153,0.727251698,1.029885057,1.086231728
MELEE_ATTACK,1392,2,1.214927917,1.190342001,1.300807974,1.421525397
MELEE_ATTACK,1400,1,1.195912154,1.000000000,1.000000000,1.000000000
MELEE_ATTACK,1459,12,1.141890684,0.885999179,1.041577700,1.622280365
RANGED_ATTACK,2,15,0.913167817,0.198225098,0.535135566,1.140090336
RANGED_ATTACK,20,40,0.288466943,0.061021472,0.132689402,0.563719718
RANGED_ATTACK,23,4,1.292725727,0.875265323,0.990740541,1.539356205
RANGED_ATTACK,28,505,0.849816053,0.379529774,0.834054834,1.461222295
RANGED_ATTACK,29,5,0.972597575,0.073540668,0.251885507,0.415165647
RANGED_ATTACK,32,1,1.352308554,1.148888889,1.148888889,1.148888889
RANGED_ATTACK,37,19,0.379254787,0.068854795,0.098627926,0.982610348
RANGED_ATTACK,42,104,0.844735153,0.057388809,0.770443396,2.168918039
RANGED_ATTACK,56,1,1.345771887,1.037735849,1.037735849,1.037735849
RANGED_ATTACK,72,460,4.326868487,2.115001601,4.549676999,6.786610321
RANGED_ATTACK,73,230,1.856215472,1.028845045,1.906696929,3.795471709
RANGED_ATTACK,81,4,1.318565168,0.844179828,1.115658242,1.486235541
RANGED_ATTACK,89,101,1.488201299,0.847665848,1.514242879,3.225858981
RANGED_ATTACK,94,2,1.315871097,0.822945437,0.922975115,1.035163481
RANGED_ATTACK,104,4,1.150730053,0.309169752,0.492903971,1.031770404
RANGED_ATTACK,107,6,1.140109592,0.550687590,0.628130170,1.205205863
RANGED_ATTACK,120,349,2.259235892,0.993332026,2.325581395,3.936866100
RANGED_ATTACK,122,6,1.259874614,0.638033988,0.968350984,1.338468310
RANGED_ATTACK,124,14,1.162285543,0.698537112,0.925355836,1.548263940
RANGED_ATTACK,126,3,1.000061164,0.105983375,0.126696833,0.729496437
RANGED_ATTACK,145,107,0.957794588,0.094334238,0.896623421,1.260063075
RANGED_ATTACK,146,129,0.967397183,0.476398045,0.917280917,1.543348744
RANGED_ATTACK,155,229,1.388713389,0.741299138,1.390948483,2.222244582
RANGED_ATTACK,159,6,1.171827613,0.409565755,0.707441514,1.003854721
RANGED_ATTACK,160,118,1.544969031,0.698604209,1.578061274,3.893297942
RANGED_ATTACK,164,1,1.372793242,1.575411884,1.575411884,1.575411884
RANGED_ATTACK,165,138,1.507475677,0.750589095,1.529586962,3.203518026
RANGED_ATTACK,207,22,1.024421776,0.337708538,0.790000000,1.260597662
RANGED_ATTACK,208,22,0.852116872,0.240852923,0.555825789,1.007444871
RANGED_ATTACK,237,149,1.767606466,0.924255275,1.830300847,4.002644835
RANGED_ATTACK,239,188,1.257324332,0.648110101,1.246539386,2.313940632
RANGED_ATTACK,253,61,1.398875198,0.426266417,1.410714286,2.897367786
RANGED_ATTACK,257,182,0.929506079,0.050000000,0.891190476,2.419519955
RANGED_ATTACK,261,882,1.429250561,0.744572995,1.430780650,2.882269248
RANGED_ATTACK,285,5,1.230022524,0.391293621,0.814896755,1.188132236
RANGED_ATTACK,287,23,1.092209661,0.221949326,0.900655022,1.217452566
RANGED_ATTACK,309,46,1.761388392,1.067070318,1.968883896,3.950518042
RANGED_ATTACK,310,1,1.345784516,1.037940379,1.037940379,1.037940379
RANGED_ATTACK,311,111,1.448771348,0.699346405,1.464717101,2.938026885
RANGED_ATTACK,314,375,1.954729789,1.067575437,1.992653811,4.098678128
RANGED_ATTACK,340,2,1.216725041,0.286304998,0.389906140,0.530995964
RANGED_ATTACK,341,23,1.150777949,0.470324748,0.993048659,1.171042999
RANGED_ATTACK,355,114,1.993945397,1.430917831,2.131462757,3.440225099
RANGED_ATTACK,356,164,2.297699080,1.690156548,2.448706555,4.187500000
RANGED_ATTACK,378,54,1.607158270,0.798030148,1.708122465,3.329964625
RANGED_ATTACK,390,93,0.845496260,0.443002057,0.762934363,1.696028125
RANGED_ATTACK,391,91,0.941589799,0.466019417,0.868022953,1.376170213
RANGED_ATTACK,401,75,0.959544745,0.502772399,0.873745819,1.369607608
RANGED_ATTACK,402,68,0.770061145,0.382261645,0.650964679,1.459830965
RANGED_ATTACK,415,34,0.937741708,0.498272757,0.752446989,1.202438013
RANGED_ATTACK,416,56,0.956046817,0.496616863,0.842229407,1.177877476
RANGED_ATTACK,421,42,0.982356669,0.500991112,0.840398284,1.121059745
RANGED_ATTACK,422,62,0.737570212,0.198704419,0.604971451,1.117041847
RANGED_ATTACK,435,30,1.041040783,0.438238936,0.869699293,1.920217289
RANGED_ATTACK,446,80,0.846576285,0.195811241,0.751499511,1.393118706
RANGED_ATTACK,447,71,0.835637728,0.227272727,0.728000000,1.205555556
RANGED_ATTACK,448,63,0.870411077,0.515124301,0.754838710,1.346874856
RANGED_ATTACK,449,86,1.109085536,0.315662568,1.057099956,2.305549818
RANGED_ATTACK,494,116,0.754666265,0.155617803,0.681504301,1.580143459
RANGED_ATTACK,520,3,1.313745131,0.975012581,1.026000000,1.101901992
RANGED_ATTACK,521,2,1.271593130,0.486331301,0.633392724,0.824923960
RANGED_ATTACK,534,284,1.814873119,0.794344560,1.851803502,4.055879212
RANGED_ATTACK,537,256,1.835932456,0.928687293,1.879116275,4.058054731
RANGED_ATTACK,546,3,1.323503071,0.905923996,1.085892301,1.504778150
RANGED_ATTACK,578,24,1.466518074,0.805907091,1.558405719,3.116982722
RANGED_ATTACK,581,4,1.367598297,0.971761612,1.388906120,2.664454252
RANGED_ATTACK,587,81,1.238135192,0.537240537,1.209025117,2.545764155
RANGED_ATTACK,599,3,1.273519901,0.473544922,0.808362369,0.859432591
RANGED_ATTACK,600,2,1.217182039,0.298194801,0.391520091,0.514053167
RANGED_ATTACK,606,2,1.315641756,0.720566897,0.921207156,1.177715251
RANGED_ATTACK,607,340,1.486867500,0.184918448,1.494470553,4.310791512
RANGED_ATTACK,624,13,1.058371468,0.441047083,0.716872428,0.771698388
RANGED_ATTACK,628,5,1.304660063,0.807569837,1.094017094,1.700455459
RANGED_ATTACK,635,215,0.766757862,0.404238558,0.726785714,1.243039712
RANGED_ATTACK,636,149,0.777766793,0.365646799,0.721321854,1.297284534
RANGED_ATTACK,641,177,1.745827481,0.584271955,1.795292830,2.679500123
RANGED_ATTACK,646,107,1.851849925,1.161482491,1.960937500,3.195642549
RANGED_ATTACK,647,102,2.140167668,1.070329013,2.338009399,3.685620236
RANGED_ATTACK,661,19,1.533063145,1.474383155,1.734545455,2.345520064
RANGED_ATTACK,726,2,1.285360950,0.593785115,0.713048855,0.856267119
RANGED_ATTACK,752,7,0.928458817,0.177754939,0.309770230,0.699544326
RANGED_ATTACK,753,3,1.184971461,0.241431477,0.465217391,0.522424554
RANGED_ATTACK,761,6,2.533892680,20.000000000,20.000000000,20.000000000
RANGED_ATTACK,771,23,1.154822408,0.881153190,0.999583622,1.377005348
RANGED_ATTACK,789,9,0.592080735,0.057509622,0.092771550,0.315602099
RANGED_ATTACK,791,3,1.049115875,0.143684868,0.182897862,0.204584051
RANGED_ATTACK,817,24,0.515325464,0.081798388,0.229070872,0.946544278
RANGED_ATTACK,852,5,1.416521184,0.884364116,1.650641026,1.871266340
RANGED_ATTACK,853,11,1.363468460,0.851162791,1.363636364,2.044334975
RANGED_ATTACK,856,1,1.338859794,0.931372549,0.931372549,0.931372549
RANGED_ATTACK,860,39,1.369692224,0.969366139,1.372942593,2.751148396
RANGED_ATTACK,895,5,1.232830980,0.666990264,0.824242424,1.543387778
RANGED_ATTACK,917,4,1.277049694,0.737390227,0.920806481,1.186653135
RANGED_ATTACK,918,13,1.171194073,0.269477056,0.927066067,1.451394669
RANGED_ATTACK,921,1,1.304377368,0.538461538,0.538461538,0.538461538
RANGED_ATTACK,922,10,1.324720288,0.561102723,1.250665575,3.212168401
RANGED_ATTACK,930,53,0.681881639,0.184644599,0.525000000,1.318681319
RANGED_ATTACK,961,41,1.612271309,0.831652742,1.749690639,3.497598698
RANGED_ATTACK,987,2,1.383561878,1.498457645,1.602609175,1.713999841
RANGED_ATTACK,993,16,1.007906406,0.364667638,0.690916967,1.654041730
RANGED_ATTACK,1013,2,1.345354463,1.153324704,1.177733772,1.202659435
RANGED_ATTACK,1016,3,1.340595072,1.013218866,1.198148148,1.623476018
RANGED_ATTACK,1021,5,1.188988483,0.676627108,0.687741935,0.779487221
RANGED_ATTACK,1040,7,0.807454337,0.136482614,0.180769231,0.900552651
RANGED_ATTACK,1042,9,1.050268053,0.473808627,0.588149688,1.640824227
RANGED_ATTACK,1043,14,1.115542063,0.613271228,0.837558024,1.072136903
RANGED_ATTACK,1044,16,1.000931076,0.159363604,0.680204946,0.945178242
RANGED_ATTACK,1045,10,1.275793272,0.639262170,1.117145025,1.312667840
RANGED_ATTACK,1046,2,1.292299651,0.733036457,0.756551795,0.780821490
RANGED_ATTACK,1055,23,1.448981179,0.698345444,1.527777778,2.445951249
RANGED_ATTACK,1056,8,1.453592542,1.527914807,1.706122430,2.275544370
RANGED_ATTACK,1062,20,0.929100049,0.146793377,0.633153895,0.952561193
RANGED_ATTACK,1114,208,1.796694360,0.831646838,1.845011436,2.636507019
RANGED_ATTACK,1130,4,1.349561182,0.986578235,1.282558108,1.615358322
RANGED_ATTACK,1188,7,1.091490613,0.359464305,0.578139115,1.463347931
RANGED_ATTACK,1221,19,0.979854873,0.099879979,0.692082111,1.070179943
RANGED_ATTACK,1287,3,1.248594685,0.566871955,0.694693878,0.901544541
RANGED_ATTACK,1301,6,1.194198354,0.332314900,0.767854768,2.160000000
RANGED_ATTACK,1302,3,1.158930075,0.334589188,0.392344498,0.403026095
RANGED_ATTACK,1303,9,1.240141321,0.290296201,1.004705882,1.319741448
RANGED_ATTACK,1310,5,1.091648885,0.302043063,0.448695945,0.743920039
RANGED_ATTACK,1311,3,1.297624000,0.849189847,0.933333333,1.028158375
RANGED_ATTACK,1315,4,1.275058500,0.895405241,0.912225585,0.967352848
RANGED_ATTACK,1316,1,1.339690918,0.943589744,0.943589744,0.943589744
RANGED_ATTACK,1319,13,1.224346341,0.842941546,1.037625418,1.251505507
RANGED_ATTACK,1337,5,1.162791722,0.557477838,0.615243343,0.874532339
RANGED_ATTACK,1340,7,1.262428137,0.753938832,1.013333333,1.245064689
RANGED_ATTACK,1341,8,1.163484566,0.548307011,0.782749835,0.899936521
RANGED_ATTACK,1368,25,0.451082378,0.120345928,0.186194996,0.527554180
RANGED_ATTACK,1392,4,1.268823278,0.686749696,0.885785180,1.040797285
MELEE_ATTACK,0,14959,1.206658131,0.558911096,1.206658131,2.886183151
RANGED_ATTACK,0,8514,1.363376121,0.466718039,1.363376121,3.411554600
